X=[1 0 2;0 0 1;0 0 4];
help any
any(1)
