
A=[1 2;3 4]
B=[1 3 5 7]
C=[1;4;7;9;]
A(2,1)
B(1,3)
C(4,1)