a=[3 2 -1;-1 3 2;1 -1 -1]
 
b=[10;5;-1]

 
 x=(a^-1)*b
