A=[1 2;3 4]
B=[1 3 5 7]
C=[1;4;9]
a=A(2,1)
b=B(4)
c=C(3)