FI = [.5 1 2; 0 .5 1; 0 0 .5];
TAU = [1 0; 0 0; 0 1];
C = [1 0 0 ; 0 0 1];
D = [0 0; 0 0];