A=[-9 -3.25 -1.5;8 0 0;0 2 0];
B=[1;0;0];
C=[0 2 0];
D=0;
