a=4
b=32