A=[11 12 13 14;2 3 4 5;21 22 23 24;31 32 33 34]
B=A(6:4:16)
C=A(2,:)
D=[A(1,:) A(3,:)]
F=A(:,[1 3 2 4])
A(:,2)=[]
E=A(:)