t = 0:.1:50
x0= [1; 1; 0];