G=[11 12; 4 6]
I=[1 0;0 1]
X=ones(2, 2)
H=G+I+2*G+X