A = [0 1; -25 -4];
B = [1 1 ;1 0];
C = [1 0; 0 1];
D = 0;

